6685237086
2748570860
4168308270
9555846193
141031181
4736303710
7679942575
6239585363
5850189357
1500466412
355402436
8846092116
7780335850
6420067498
3210754057
8575046913
3712533745
38154287
4713786313
9502522826
7515218512
2392543111
3120605521
359056518
6486775143
5216897245
9702446960
7667460605
9818316321
5047011423
7942352355
4277456218
3438139922
24435103
8272880046
115412480
2421957982
6637051921
3019372934
661545208
4994194500
6173155004
5436636837
9461044498
4637671631
7615192005
1164016982
3245286019
8977921565
6594700689
4834447535
2107997744
2824955784
9501889024
6916696442
5592618927
237551919
7855237744
2502867895
29993209
5741618542
187540772
9098795716
2344582249
8495918925
103242822
4221075924
2163269587
3333705640
6123029102
5341011161
9760585177
545242158
4280502379
1497103328
229906581
4870297159
671018589
7493431733
5026455558
8529748088
2590181866
5639756137
6781808239
5920255942
9427704225
259541541
2031619693
9738009488
8437714228
6910061478
5607846301
3468896622
5979176068
5042053495
4492530397
4953386300
2556815810
6761144787
8213085402
9468654163
5554830889
3602522093
6383055043
6694323496
9387354295
9509479940
1464078552
8552887487
8231759746
3384155658
3597773920
509069064
8081571460
5516756209
7280894891
1189648015
4228981737
8628897780
7886276616
4387176574
1566415576
9324165425
8890703236
2059136946
9861536802
7898790271
3285109837
7641125585
7247898551
5702874526
531512032
6160001658
3087347592
3041166341
7462966094
2634227392
2324031971
5426531957
2776772497
4930179547
1313374719
8760902585
2298832142
6361059956
3036878689
7636757916
1044463732
5752849091
3657923901
4861358326
1630148939
1399883951
1177915795
7836090077
2260560008
6461080195
5594575922
1108739566
5647563694
3945369285
1786494053
2929070693
4034492939
5631583357
6693348157
9176320661
6719816717
5242290604
3758853443
9561887012
2408410031
9910708078
8702405321
7354281517
50626502
3869356404
6162887075
257511291
6574170142
4384319160
6928892590
1785237194
3525486364
8127303021
4584873607
2011676405
7248156431
683118853
425283769
3582615151
5605480196
6707335928
8462597652
7001437034
1526786547
3904311790
6987949746
6863728186
3133473802
9055082684
6554266301
1939037683
9447986088
8707514853
4509491872
2492368451
5115188675
6501352470
2954642569
3912411121
3604794382
325006283
6616472307
1516880664
9031935951
3314157696
5033641036
2154541024
3393049100
7272438382
6449433729
6780776557
8017140944
2584326364
4972219821
6036918173
7524292085
5273339756
8373762590
63712733
4585703630
4968772631
5778999435
5581591359
818499948
4278463501
6775981078
9582671902
3696401829
6402219104
1967463255
4908894465
3077203786
6114695840
5263082315
4810743205
6194252869
7918373936
4917083332
6493388980
2492573957
3274709710
7852935327
4344748500
7323459366
1382538151
4173288007
7551479972
6508292781
997848828
1991294585
5037901285
2858445013
892544017
1497106975
6747036131
3866364795
5884932285
154537123
5849062596
7134465331
3757143032
3323081187
6682035794
2292728964
1126122053
9755852669
6888510574
109838430
4875003617
7203880458
4507013844
2986633751
4738254448
3292716731
77359081
4919588389
9777984686
8706635583
3009067907
9861839696
749821054
339412889
1455250976
493257002
1422533791
2152883692
8821337573
5639483723
1966808234
5664904979
3003379492
5297001600
5472073063
9414497194
308877271
8976618803
3378488089
5669496883
8664747031
3891974104
1545034499
2695275907
9044702399
435405365
9615818894
9984923374
8039815829
8167163153
5157790939
7670520784
8292220008
1982268983
8008232720
9958180408
69169857
8036981150
4524318568
2459398480
7931825548
2049944210
3227288432
4928097180
9329069402
4094474268
9579556767
7454999997
552767302
6240377544
3494683780
9094528931
9182301243
4820044246
5061910477
1050064049
8110595172
2150414932
6944765948
9990955594
7480542097
9998221181
5122547468
5532120637
6505397834
3226608703
8833141730
9484023577
1210124846
9551966986
2002923681
5839789459
5949136964
7127376156
2721731910
855451039
6120861198
356069939
453139727
2250192641
2398916764
9722222538
7374976247
1529742520
1289363965
893800818
5113339154
9915598214
4297931019
9351366882
1960147306
5085136186
4115967757
3846268336
9493435695
7128327692
3603334363
4341912076
1120820032
2537756671
1687420304
953646454
6310368659
5368613384
6890602181
5194415445
6101433198
9589133502
7534344582
1064660610
4281484230
6631909278
7444033457
2102021451
3767639003
3761251780
3930523212
8413302014
323125938
2794736403
767578884
2361385702
1923365888
1776958522
1954502983
4647261557
9031186493
5164936714
3303021830
6827978764
1687666391
5053426618
6101008651
1205948275
2547890369
528680631
5149378355
3137347543
9689439499
9901790772
5416320227
9942288906
6408251953
6374660249
5614876064
9765497438
6602267031
6220105956
7121853086
4019052426
3945277411
6833102810
986673349
4962591865
8478669032
1696137333
7422580208
1085270681
6891116472
4298133243
6862761647
407854948
1187481226
7086613882
6145464514
8268542147
2129824559
1005679015
3478069369
6740012953
5722479983
4596106237
5556829975
8783230062
200502620
2928456371
7619311351
7363502449
3669932929
581754729
4658364054
7613965286
720487558
6076407727
8740154174
49489889
4986518044
4073914606
9941600880
1143501397
2283313732
378254512
2999235117
8949663400
2435626576
9340257427
872011697
7572690819
2499732558
3597721727
6038143271
1198219885
2899340194
2115114284
2895692327
6137935438
5541629628
2202847763
2686624563
6572314421
4828838355
7096810539
7704580579
5586810631
9701467055
5908569414
6343963282
7546002522
1851953682
5748584151
1721724736
6426569149
798514716
6205148734
2495529435
4827496564
8056380149
1172435892
8201090214
783832639
6400036183
9087328675
6323000318
5610633020
8306376601
8592657205
5049304953
5739431958
6483627113
9487719175
8119063479
744955676
5409059158
8397074230
9683277290
5062711263
2105612006
6223439641
4577950859
9686751759
4861392692
1405355387
6074652372
1303446032
858122702
5703521481
8213842343
2544839803
7052909561
8482451205
4406757724
6477678041
5829639179
1236756585
1686786433
5396556119
3253762756
7416000014
9089689133
8379598188
391514414
5151803796
5599580835
1573978557
5928682825
7153481104
2883679641
8853072614
2765167704
4566659694
4836245737
4145140170
5186848608
7764494564
9060478663
6611916878
4239767107
2904342219
8749983415
242311222
9058238521
9583433918
5057494958
1164483223
481631866
2460577970
9438583172
8065701544
8716961188
4213555932
2044697740
748965169
4066001188
914374198
1439489578
8782260523
3912565599
322341307
1712353175
1187834029
3419937299
3608678910
5247462793
947140538
7684401460
5462922409
2625654748
2916935331
8493866583
6469766986
1657892235
8472320550
3793521214
5768759721
3380213261
7576434115
8879790911
9606542060
9208279771
2490748707
6628014254
5744122594
6456198486
352319141
6974849528
3148663166
5592042765
3614582782
7071571312
7109352699
7357452172
885633617
8102381045
7917901733
6356345297
8995657551
2613926973
8046302977
7367609510
5302155030
7708101916
7372199498
9345396764
331000068
6871157453
9149156365
1274429668
7178783197
5685459063
3125170293
3719708987
8652934460
6364148461
341625483
4424728940
9218303170
8402897810
2145330880
4262962945
9086249473
8365143801
2186663999
8494621898
8621379523
1643051926
4466967240
6253404614
3044619258
1223903980
3365549801
5584834595
7679864133
2896591643
8401911206
8642027939
1225195573
1302501136
7568191591
6844538397
5340454912
7040919964
9058474138
6511974808
7591278390
2320723642
7114438513
3556175509
2621056394
4693929601
4305481471
159696252
8992283919
8552447121
5282694663
4692302253
4568739321
8481994852
8260603360
4742450138
4297834283
7906622661
7268074662
856477550
3118678777
6046107878
7726371277
7491289036
6532609236
3241045380
8409295848
709758984
2491481678
5214227221
4221300829
479137432
4328238732
1131070973
1880270232
5373882188
8913710947
8375877227
271407356
9689386744
3591394908
1257646572
5474851455
2474421395
1543230759
5984234998
9786066931
4567968433
8287811013
1759921151
9883270068
5675990466
3373625440
3480875918
3354549709
5491480457
2845750992
7569406010
3871965030
2385565490
1420991998
7092677915
5984806988
2797386583
7702451169
5682801532
687323098
8318852150
9409873790
278099477
6286042811
5103063700
6157107970
2899679544
5840775407
4010873521
5541688684
989886711
1030475107
9164249056
9108459769
4265177820
8456929900
6426359687
3640065053
9430097448
5034536166
5070468345
4939216483
1441951268
1127126621
296992475
73680773
7900992406
3091755567
5649161095
1698353410
2126426291
6436340892
5896321476
4055232219
1110047736
4880998419
9473461798
5913373843
6249454866
8915773906
5237678407
7190951452
5706088757
9412149555
5078072827
7665334973
1869679426
9414628300
3736999571
1078648698
203665623
9415237756
3479898327
8983757857
637965633
8947142918
5634101231
8641796194
3673501492
9690561910
1426022326
2093170078
3474383148
715593280
5641472254
309426162
6875655923
1973081140
6296434553
8720468918
2189537637
8114988739
6188612049
8394614635
1056860815
1931110041
9183926591
6420692323
3143372452
1352908465
7375341111
6223623546
5340881758
3754859673
4199865900
9882894654
2941641182
9905301716
6796854153
8483382477
1998671876
3925866522
6422640276
1276212640
6130577652
3108192444
939446482
2310052882
5296310151
1245503421
5951573651
3645867884
9500869375
6974939314
981896629
1381701021
8064127545
7732047749
1473380436
7131865452
1543954258
1856907621
858945472
1439944894
8866137760
749252583
9884334367
5429425903
4501722532
3468071862
8701981564
3055359667
6676488337
8815940780
1798016751
2112523083
6765707146
7387316107
8671354916
621352271
5244382015
6000913151
3317709057
990425869
1827169381
7342020584
6974708650
4861582665
2801960809
2126632573
6202032451
3890882882
2366958163
6519620718
33180627
3811513099
9415718012
1768427821
1225136690
3858745926
9563947508
2485878857
510721547
6045014774
6983774409
4408928572
3337484823
9428302704
2238208174
8624800363
9903478949
3787285838
6684435921
6234174458
5520886592
2050645955
6663943026
6467815560
1931871573
1833292122
1160758518
5303446060
3645212048
3588646724
8596000922
7452258457
740477240
7128996708
9641835035
5371186518
5658636523
5944666579
9349096422
7279480752
6842072157
9405935298
6407451073
8528627429
561432546
3089512294
3947724768
6127359100
359711933
2283093651
5573224359
1531661248
1007497940
3719046387
59778889
608364616
1738879953
2947874371
4240338086
6061352850
4217526079
8399438068
724836183
7622848997
6795298493
3676793920
1275784120
477176393
6021536114
8148010485
7098246584
4818750424
8652448913
3601578401
8972233658
8126878523
3388337311
1264478917
9514258609
6666726187
7530407519
5277844983
1817370141
8984876279
9796424979
9364724673
7206783290
4680942394
6061054547
5753144734
1384096080
1405819787
5793541964
3730655065
4122312566
7974074812
3768756349
6246465056
9840581218
4920205201
1964745481
4274083851
2748954167
1236717031
1992206970
6069340694
1554281524
6986454147
5342168730
9927591718
8527755732
921293006
4058865157
2329719548
8889113893
4767431031
1765213651
4392083786
4594594701
7934457350
7998765330
1875961930
9678174483
8990505471
6651613783
6209297450
27209871
8688186414
3970956996
7932601763
6630999740
4010438121
9104912262
9513696401
8370172561
4658392635
1250825054
3049233968
4518674449
7047902837
6854393858
853566157
3850601186
6593132571
8885182264
3703011753
9480964973
3232739767
5014017495
4867666326
3570390678
9305758534
9388573858
1558673123
3658523104
7440771664
7930960557
3820614276
4501433032
6295924563
4391769234
6408256993
7471470758
4905354299
8844441130
8265223267
8535451980
5100071771
2809507120
8891325532
1941122131
6654433738
7535198663
9014966644
4158849403
6143304790
5512763223
9614375652
1426191558
8398701862
999814772
6887185960
783976443
3414172287
1717591528
6155795646
3607889611
8985590592
7915066626
7663728010
5872284128
3237412799
1207098726
6749846822
9785868519
5723499194
3571851157
7334350799
7184669079
1931050588
5279652072
9045925030
5149111871
5333587838
5129559500
5842434209
5605716550
2940089562
9275965210
5717707154
3574774030
2970954925
9674312141
9261559827
7318794401
9087970768
6059315003
7564160418
7399168894
5902824272
152804500
2373059986
5560911675
5052850668
6925372232
9802262530
4047098160
5003498651
8733686929
3168970214
3308929477
5253448258
4279325603
2985854241
1421952732
6770531823
4513062284
6946999804
4041863119
3705636267
244145045
6210012503
7360470700
6775908990
9653898974
4708418205
1947846827
8916491752
9652443712
5265413450
6713767913
8826782059
7143234400
726684611
8464653004
3406877472
3956297554
2546718781
7931466625
3029073212
3593938928
9807219416
4233214042
8176328055
1683366961
5656887232
327531829
5852051645
8190055441
7220702904
8697766134
1351243498
1384869195
9819155571
287408594
9396469054
7191559977
7026319807
1645022716
2488040565
9052667525
7958972593
5323122131
2703781351
778499708
9157322910
2057954388
2780762727
6278478578
4254923165
6545456081
9754989943
9419323068
4547543383
8804623302
3206212923
5406427228
1782508717
4817195268
1154418740
880395748
2956204079
6510755547
6003034253
9236074701
2665839071
1761263778
3640290924
8396429616
9106968696
405292507
4624417061
426533089
2816895487
5335318798
3596096280
296636894
5327053549
581028784
452111944
2212329058
2304428265
3500547179
5389703806
2684288299
1295376181
1330250941
3006613402
9225866996
7261958643
9807004655
9090037940
7080620068
903483957
7339762111
6232364596
5508796690
8616347142
4655636051
5730445059
9571874691
4289756998
2657021028
4537801822
940265298
9660178402
5934151449
9949289631
2661814914
4883427651
8288163961
2421220590
4726323266
921516556
3411127703
9606411282
3699401574
14615286
7785554196
2814317406
50892295
1857511025
604961320
414631699
6033759028
6343020487
3400098003
5624611903
993190156
1647645771
4341662531
3511520580
7785860660
2487241124
5084780242
5897599607
8514329263
750653210
737279002
6348589981
5122436929
7915447052
4407007803
7773642173
